local p=game.Players.LocalPlayer;local r=p.Character.HumanoidRootPart;local h=p.Character.Humanoid;local d={{CFrame.new(92.5890427, -10.1874199, -197.322418, -0.909902692, 3.54402896e-11, -0.414821774, -3.3875619e-10, 1, 8.28489444e-10, 0.414821774, 8.94368191e-10, -0.909902692),Vector3.new(3.263232946395874, 21.934980392456055, 15.663686752319336),Enum.HumanoidStateType.Freefall},{CFrame.new(92.646553, -9.85589886, -197.062027, -0.905015647, 3.5410036e-11, -0.425378293, -3.48073098e-10, 1, 8.2378826e-10, 0.425378293, 8.93603969e-10, -0.905015647),Vector3.new(3.4789133071899414, 18.66498374938965, 15.617176055908203),Enum.HumanoidStateType.Freefall},{CFrame.new(92.7102737, -9.5788784, -196.803101, -0.902526319, 3.53801606e-11, -0.430634648, -3.52556706e-10, 1, 8.2104834e-10, 0.430634648, 8.92840912e-10, -0.902526319),Vector3.new(3.8746323585510254, 15.394986152648926, 15.52365493774414),Enum.HumanoidStateType.Freefall},{CFrame.new(92.7777939, -9.35635757, -196.54512, -0.900005817, 3.5350247e-11, -0.435877949, -3.57021857e-10, 1, 8.18284107e-10, 0.435877949, 8.92078356e-10, -0.900005817),Vector3.new(4.077698230743408, 12.124985694885254, 15.471632957458496),Enum.HumanoidStateType.Freefall},{CFrame.new(92.8486404, -9.18833733, -196.28804, -0.900005043, 3.53204757e-11, -0.435879529, -3.567181e-10, 1, 8.17585e-10, 0.435879529, 8.91316743e-10, -0.900005043),Vector3.new(4.276578426361084, 8.854985237121582, 15.417845726013184),Enum.HumanoidStateType.Freefall},{CFrame.new(92.921257, -9.0748167, -196.031448, -0.897453547, 3.52907599e-11, -0.441109031, -3.61160463e-10, 1, 8.14799728e-10, 0.441109031, 8.90556018e-10, -0.897453547),Vector3.new(4.368447780609131, 5.58498477935791, 15.39208984375),Enum.HumanoidStateType.Freefall},{CFrame.new(92.9958649, -9.01579666, -195.775436, -0.897452772, 3.52607457e-11, -0.441110522, -3.60853236e-10, 1, 8.14103174e-10, 0.441110522, 8.89795293e-10, -0.897452772),Vector3.new(4.492981433868408, 2.3149843215942383, 15.356194496154785),Enum.HumanoidStateType.Freefall},{CFrame.new(93.071434, -9.01127625, -195.519699, -0.894872129, 3.52308425e-11, -0.44632268, -3.65269565e-10, 1, 8.11297363e-10, 0.44632268, 8.89035456e-10, -0.894872129),Vector3.new(4.540304183959961, -0.9550156593322754, 15.342280387878418),Enum.HumanoidStateType.Freefall},{CFrame.new(93.1482468, -9.06125546, -195.264343, -0.892261147, 3.52009637e-11, -0.451519758, -3.69665937e-10, 1, 8.0846857e-10, 0.451519758, 8.88276563e-10, -0.892261147),Vector3.new(4.619344234466553, -4.225015640258789, 15.318666458129883),Enum.HumanoidStateType.Freefall},{CFrame.new(93.2271805, -9.16573524, -195.009628, -0.88961947, 3.51712062e-11, -0.456702501, -3.74042769e-10, 1, 8.05616185e-10, 0.456702501, 8.87518115e-10, -0.88961947),Vector3.new(4.753352642059326, -7.495016098022461, 15.277606010437012),Enum.HumanoidStateType.Freefall},{CFrame.new(93.3083649, -9.32471466, -194.755615, -0.884247005, 3.51414522e-11, -0.467019469, -3.8306025e-10, 1, 8.00526201e-10, 0.467019469, 8.86759499e-10, -0.884247005),Vector3.new(4.888486385345459, -10.765016555786133, 15.234901428222656),Enum.HumanoidStateType.Freefall},{CFrame.new(93.392395, -9.53819466, -194.502548, -0.875963688, 3.51115491e-11, -0.482377052, -3.96630423e-10, 1, 7.93042243e-10, 0.482377052, 8.86001605e-10, -0.875963688),Vector3.new(5.06456995010376, -14.035017013549805, 15.177265167236328),Enum.HumanoidStateType.Freefall},{CFrame.new(93.4813919, -9.80617428, -194.251175, -0.86741358, 3.50820345e-11, -0.49758783, -4.10056405e-10, 1, 7.85329746e-10, 0.49758783, 8.85244766e-10, -0.86741358),Vector3.new(5.381024360656738, -17.305015563964844, 15.067923545837402),Enum.HumanoidStateType.Freefall},{CFrame.new(93.575676, -10.1286535, -194.001724, -0.858599246, 3.50522736e-11, -0.512647331, -4.23334645e-10, 1, 7.77390374e-10, 0.512647331, 8.84488149e-10, -0.858599246),Vector3.new(5.697962760925293, -20.57501220703125, 14.950948715209961),Enum.HumanoidStateType.Freefall},{CFrame.new(93.7278595, -10.1790733, -193.637878, -0.837020218, 3.5022471e-11, -0.54717195, -4.54239091e-10, 1, 7.58865248e-10, 0.54717195, 8.83732421e-10, -0.837020218),Vector3.new(11.150201797485352, -0.40687888860702515, 25.874855041503906),Enum.HumanoidStateType.Landed},{CFrame.new(93.9330978, -10.1800709, -193.187759, -0.814056575, 3.49926199e-11, -0.580785573, -4.84334517e-10, 1, 7.39116712e-10, 0.580785573, 8.82977302e-10, -0.814056575),Vector3.new(12.488277435302734, -0.008046449162065983, 27.176361083984375),Enum.HumanoidStateType.Landed},{CFrame.new(94.2044296, -10.2662239, -192.62619, -0.789744318, 4.36954049e-11, -0.613436162, -6.41846076e-10, 1, 8.9755009e-10, 0.613436162, 1.1025667e-09, -0.789744318),Vector3.new(13.078635215759277, -5.4928998947143555, 26.932918548583984),Enum.HumanoidStateType.Running},{CFrame.new(94.4303818, -10.3918352, -192.181503, -0.76786083, 3.49261141e-11, -0.640616715, -5.37745015e-10, 1, 6.9907552e-10, 0.640616715, 8.81281104e-10, -0.76786083),Vector3.new(13.62903881072998, -8.762900352478027, 26.644006729125977),Enum.HumanoidStateType.Running},{CFrame.new(94.6643448, -10.5719461, -191.741333, -0.748909891, 3.48963705e-11, -0.662671864, -5.57367263e-10, 1, 6.82561396e-10, 0.662671864, 8.80528594e-10, -0.748909891),Vector3.new(14.09910774230957, -12.0329008102417, 26.375761032104492),Enum.HumanoidStateType.Running},{CFrame.new(94.9049072, -10.5263767, -191.305161, -0.733292758, 3.48667137e-11, -0.679913044, -5.7260402e-10, 1, 6.68840094e-10, 0.679913044, 8.79776529e-10, -0.733292758),Vector3.new(14.484447479248047, 4.503409385681152, 26.140275955200195),Enum.HumanoidStateType.Running},{CFrame.new(95.1493759, -10.4281931, -190.871445, -0.717277348, 3.48370673e-11, -0.696787834, -5.87506266e-10, 1, 6.54778953e-10, 0.696787834, 8.79025297e-10, -0.717277348),Vector3.new(14.695406913757324, 6.405635833740234, 26.00519371032715),Enum.HumanoidStateType.Running},{CFrame.new(95.3932724, -10.3121281, -190.437363, -0.705011308, 3.48074104e-11, -0.709196031, -5.98329275e-10, 1, 6.43878839e-10, 0.709196031, 8.7827462e-10, -0.705011308),Vector3.new(14.624627113342285, 7.156437873840332, 26.05109214782715),Enum.HumanoidStateType.Running},{CFrame.new(95.6362228, -10.1880198, -190.00267, -0.696714938, 3.47777918e-11, -0.717348099, -6.0526012e-10, 1, 6.36332043e-10, 0.717348099, 8.7752422e-10, -0.696714938),Vector3.new(14.569511413574219, 7.5211992263793945, 26.086456298828125),Enum.HumanoidStateType.Running},{CFrame.new(95.8783875, -10.0654325, -189.56488, -0.696716309, 3.47483188e-11, -0.717346787, -6.04741757e-10, 1, 6.35789754e-10, 0.717346787, 8.76774597e-10, -0.696716309),Vector3.new(14.523877143859863, 7.214936256408691, 26.294370651245117),Enum.HumanoidStateType.Running},{CFrame.new(96.1204453, -9.97924614, -189.12059, -0.69671607, 3.47186863e-11, -0.717346966, -6.04224837e-10, 1, 6.35246078e-10, 0.717346966, 8.7602503e-10, -0.69671607),Vector3.new(14.52299976348877, 3.9449357986450195, 26.71167755126953),Enum.HumanoidStateType.Running},{CFrame.new(96.3149948, -9.96151638, -188.771606, -0.696717501, 3.46889878e-11, -0.717345595, -6.03706973e-10, 1, 6.34704123e-10, 0.717345595, 8.75276018e-10, -0.696717501),Vector3.new(9.963269233703613, -0.9672714471817017, 17.475379943847656),Enum.HumanoidStateType.Running},{CFrame.new(96.4556274, -9.99535847, -188.534607, -0.696718156, 3.46594385e-11, -0.71734494, -6.0319022e-10, 1, 6.34162167e-10, 0.71734494, 8.74527784e-10, -0.696718156),Vector3.new(8.196211814880371, -2.016256093978882, 13.704391479492188),Enum.HumanoidStateType.Running},{CFrame.new(96.5608139, -10.1055098, -188.359772, -0.696718872, 3.4629688e-11, -0.717344284, -6.0267441e-10, 1, 6.33620878e-10, 0.717344284, 8.73780659e-10, -0.696718872),Vector3.new(5.986419677734375, -8.019447326660156, 9.936335563659668),Enum.HumanoidStateType.Running},{CFrame.new(96.6564255, -10.2732296, -188.201935, -0.696720541, 3.46000381e-11, -0.717342675, -6.02158212e-10, 1, 6.33081032e-10, 0.717342675, 8.73034312e-10, -0.696720541),Vector3.new(5.699337959289551, -11.289447784423828, 9.400880813598633),Enum.HumanoidStateType.Running},{CFrame.new(96.7513351, -10.4954491, -188.04541, -0.696722031, 3.45705235e-11, -0.717341185, -6.01642403e-10, 1, 6.32541464e-10, 0.717341185, 8.72288464e-10, -0.696722031),Vector3.new(5.693660736083984, -14.5594482421875, 9.390292167663574),Enum.HumanoidStateType.Running},{CFrame.new(96.8462143, -9.6325531, -187.888916, -0.696724534, 3.45413594e-11, -0.7173388, -6.01125816e-10, 1, 6.32003283e-10, 0.7173388, 8.7154306e-10, -0.696724534),Vector3.new(5.693660736083984, 50.5474967956543, 9.390292167663574),Enum.HumanoidStateType.Jumping},{CFrame.new(96.9570084, -8.82415676, -187.713348, -0.696726203, 3.45122021e-11, -0.717337191, -6.00610617e-10, 1, 6.31465047e-10, 0.717337191, 8.70798544e-10, -0.696726203),Vector3.new(7.22038459777832, 47.27749252319336, 11.220427513122559),Enum.HumanoidStateType.Freefall},{CFrame.new(97.0942688, -8.070261, -187.508331, -0.696728766, 3.44828228e-11, -0.717334628, -6.00095418e-10, 1, 6.30928088e-10, 0.717334628, 8.70054973e-10, -0.696728766),Vector3.new(8.832403182983398, 44.00748825073242, 12.936267852783203),Enum.HumanoidStateType.Freefall},{CFrame.new(97.2456284, -7.37086535, -187.28978, -0.696730494, 3.44533672e-11, -0.717333019, -5.99581051e-10, 1, 6.30390296e-10, 0.717333019, 8.69311401e-10, -0.696730494),Vector3.new(9.118596076965332, 40.737483978271484, 13.139188766479492),Enum.HumanoidStateType.Freefall},{CFrame.new(97.3984833, -6.72596979, -187.071289, -0.696733057, 3.44241337e-11, -0.717330456, -5.99066297e-10, 1, 6.29853947e-10, 0.717330456, 8.68568606e-10, -0.696733057),Vector3.new(9.179488182067871, 37.46747970581055, 13.104681968688965),Enum.HumanoidStateType.Freefall},{CFrame.new(97.5521545, -6.13557434, -186.853333, -0.696734786, 3.43949105e-11, -0.717328787, -5.98552485e-10, 1, 6.29317043e-10, 0.717328787, 8.67826033e-10, -0.696734786),Vector3.new(9.226018905639648, 34.19747543334961, 13.072122573852539),Enum.HumanoidStateType.Freefall},{CFrame.new(97.7065659, -5.59967899, -186.635925, -0.696737528, 3.4365559e-11, -0.717326164, -5.98038563e-10, 1, 6.28781582e-10, 0.717326164, 8.6708446e-10, -0.696737528),Vector3.new(9.270516395568848, 30.927474975585938, 13.040608406066895),Enum.HumanoidStateType.Freefall},{CFrame.new(97.8617935, -5.11828327, -186.419098, -0.69674021, 3.43362734e-11, -0.717323542, -5.97525307e-10, 1, 6.28246732e-10, 0.717323542, 8.66343719e-10, -0.69674021),Vector3.new(9.320155143737793, 27.65747833251953, 13.00517749786377),Enum.HumanoidStateType.Freefall},{CFrame.new(98.016655, -4.69138765, -186.201996, -0.69255805, 3.43067415e-11, -0.721362174, -6.00654415e-10, 1, 6.24228447e-10, 0.721362174, 8.65603811e-10, -0.69255805),Vector3.new(9.287110328674316, 24.387481689453125, 13.028797149658203),Enum.HumanoidStateType.Freefall},{CFrame.new(98.171936, -4.31899214, -185.985214, -0.68835324, 3.42774142e-11, -0.725375593, -6.03756212e-10, 1, 6.20195895e-10, 0.725375593, 8.64863903e-10, -0.68835324),Vector3.new(9.321124076843262, 21.11748504638672, 13.004483222961426),Enum.HumanoidStateType.Freefall},{CFrame.new(98.3283386, -4.00109625, -185.769226, -0.679871559, 3.42485484e-11, -0.733331263, -6.1040506e-10, 1, 6.12609352e-10, 0.733331263, 8.64124772e-10, -0.679871559),Vector3.new(9.39336109161377, 17.847488403320312, 12.952397346496582),Enum.HumanoidStateType.Freefall},{CFrame.new(98.4871063, -3.73770094, -185.554993, -0.662631094, 3.42195335e-11, -0.748945951, -6.23955054e-10, 1, 5.97735472e-10, 0.748945951, 8.63386695e-10, -0.662631094),Vector3.new(9.546048164367676, 14.577489852905273, 12.840258598327637),Enum.HumanoidStateType.Freefall},{CFrame.new(98.6510086, -3.52880526, -185.34465, -0.64057672, 3.41902825e-11, -0.767894208, -6.40521802e-10, 1, 5.7884747e-10, 0.767894208, 8.62649174e-10, -0.64057672),Vector3.new(9.876935958862305, 11.307489395141602, 12.587398529052734),Enum.HumanoidStateType.Freefall},{CFrame.new(98.8209076, -3.37440968, -185.13913, -0.617982745, 3.41611531e-11, -0.786191642, -6.56517118e-10, 1, 5.59504054e-10, 0.786191642, 8.61912153e-10, -0.617982745),Vector3.new(10.241286277770996, 8.03748893737793, 12.292743682861328),Enum.HumanoidStateType.Freefall},{CFrame.new(98.9972076, -3.27451396, -184.939072, -0.599530101, 3.41322873e-11, -0.800352216, -6.68780475e-10, 1, 5.43618539e-10, 0.800352216, 8.61175631e-10, -0.599530101),Vector3.new(10.628473281860352, 4.767488479614258, 11.95952320098877),Enum.HumanoidStateType.Freefall},{CFrame.new(99.1784058, -3.22911835, -184.743439, -0.585478365, 3.41034041e-11, -0.810688019, -6.77581158e-10, 1, 5.31415911e-10, 0.810688019, 8.60439442e-10, -0.585478365),Vector3.new(10.90829849243164, 1.4974881410598755, 11.704957962036133),Enum.HumanoidStateType.Freefall},{CFrame.new(99.3632812, -3.2382226, -184.551285, -0.57124579, 3.40747638e-11, -0.820779085, -6.8616185e-10, 1, 5.19070065e-10, 0.820779085, 8.59703864e-10, -0.57124579),Vector3.new(11.11975383758545, -1.7725118398666382, 11.504318237304688),Enum.HumanoidStateType.Freefall},{CFrame.new(99.5514526, -3.30182695, -184.362335, -0.556841075, 3.40460785e-11, -0.830619037, -6.94517999e-10, 1, 5.06588715e-10, 0.830619037, 8.5896934e-10, -0.556841075),Vector3.new(11.31607723236084, -5.042511940002441, 11.311267852783203),En
