local p=game.Players.LocalPlayer;local r=p.Character.HumanoidRootPart;local h=p.Character.Humanoid;local d={{CFrame.new(157.586182, -16.5557251, -237.020004, -0.975625277, 7.34577177e-10, 0.219443262, 7.09452663e-10, 1, -1.93294866e-10, -0.219443262, -3.28987532e-11, -0.975625277),Vector3.new(-13.111532211303711, -5.215554210735718e-09, 9.169936180114746),Enum.HumanoidStateType.Running},{CFrame.new(157.367676, -16.5557251, -236.867172, -0.975625277, 9.78703563e-10, 0.219443083, 9.45229228e-10, 1, -2.57533772e-10, -0.219443083, -4.38324273e-11, -0.975625277),Vector3.new(-13.111532211303711, -5.215554210735718e-09, 9.169937133789062),Enum.HumanoidStateType.Running},{CFrame.new(157.14917, -16.5557251, -236.71434, -0.975625396, 9.77867232e-10, 0.219442785, 9.44421541e-10, 1, -2.57313448e-10, -0.219442785, -4.37950509e-11, -0.975625396),Vector3.new(-13.111532211303711, -5.215554210735718e-09, 9.169937133789062),Enum.HumanoidStateType.Running},{CFrame.new(156.930664, -16.5557251, -236.561508, -0.975625455, 9.77031789e-10, 0.219442517, 9.43614742e-10, 1, -2.57093652e-10, -0.219442517, -4.37579278e-11, -0.975625455),Vector3.new(-13.111532211303711, -5.215554210735718e-09, 9.169937133789062),Enum.HumanoidStateType.Running},{CFrame.new(156.712158, -16.5557251, -236.408676, -0.975625515, 9.76197345e-10, 0.219442219, 9.42808831e-10, 1, -2.56873856e-10, -0.219442219, -4.37206174e-11, -0.975625515),Vector3.new(-13.111532211303711, -5.215554210735718e-09, 9.169937133789062),Enum.HumanoidStateType.Running},{CFrame.new(156.493652, -16.5557251, -236.255844, -0.975625575, 9.75363457e-10, 0.219441935, 9.42003586e-10, 1, -2.56654142e-10, -0.219441935, -4.36832688e-11, -0.975625575),Vector3.new(-13.111532211303711, -5.215554210735718e-09, 9.169937133789062),Enum.HumanoidStateType.Running},{CFrame.new(156.275146, -16.5557251, -236.103012, -0.975625634, 9.74530456e-10, 0.219441667, 9.41199119e-10, 1, -2.56434762e-10, -0.219441667, -4.3646e-11, -0.975625634),Vector3.new(-13.111532211303711, -5.215554210735718e-09, 9.169937133789062),Enum.HumanoidStateType.Running},{CFrame.new(156.001312, -16.5557251, -235.912933, -0.975625694, 1.21699284e-09, 0.219441384, 1.1753688e-09, 1, -3.20235227e-10, -0.219441384, -5.45051781e-11, -0.975625694),Vector3.new(-13.147838592529297, -5.215554210735718e-09, 9.11780071258545),Enum.HumanoidStateType.Running},{CFrame.new(155.837158, -16.5557251, -235.798676, -0.975625753, 7.29571903e-10, 0.219441012, 7.04618808e-10, 1, -1.91976879e-10, -0.219441012, -3.26753138e-11, -0.975625753),Vector3.new(-13.129154205322266, -5.215554210735718e-09, 9.144682884216309),Enum.HumanoidStateType.Running},{CFrame.new(155.618088, -16.5557251, -235.646622, -0.975625813, 9.72034786e-10, 0.219440818, 9.38788935e-10, 1, -2.55777788e-10, -0.219440818, -4.35347799e-11, -0.975625813),Vector3.new(-13.14615249633789, -5.215554210735718e-09, 9.120229721069336),Enum.HumanoidStateType.Running},{CFrame.new(155.398972, -16.5945206, -235.494644, -0.975625873, 9.71204006e-10, 0.21944055, 9.37986466e-10, 1, -2.55559185e-10, -0.21944055, -4.34978789e-11, -0.975625873),Vector3.new(-13.146489143371582, -3.554041862487793, 9.119745254516602),Enum.HumanoidStateType.Running},{CFrame.new(155.179855, -16.6804428, -235.342667, -0.975625932, 9.70374003e-10, 0.219440266, 9.37184996e-10, 1, -2.5534061e-10, -0.219440266, -4.34607871e-11, -0.975625932),Vector3.new(-13.146495819091797, -5.0540900230407715, 9.119735717773438),Enum.HumanoidStateType.Running},{CFrame.new(154.960739, -16.6928272, -235.190689, -0.975625992, 9.69544667e-10, 0.219439998, 9.36384081e-10, 1, -2.55122146e-10, -0.219439998, -4.34236709e-11, -0.975625992),Vector3.new(-13.146495819091797, -0.09994666278362274, 9.119735717773438),Enum.HumanoidStateType.Running},{CFrame.new(154.741623, -16.7349072, -235.038696, -0.975626051, 9.68664371e-10, 0.21943967, 9.35533984e-10, 1, -2.54890192e-10, -0.21943967, -4.33842406e-11, -0.975626051),Vector3.new(-13.146495819091797, -3.5466673374176025, 9.119735717773438),Enum.HumanoidStateType.Running},{CFrame.new(154.522507, -16.7396469, -234.886688, -0.975626111, 9.67784741e-10, 0.219439387, 9.34684552e-10, 1, -2.54658683e-10, -0.219439387, -4.33450532e-11, -0.975626111),Vector3.new(-13.146495819091797, -0.0701366662979126, 9.119735717773438),Enum.HumanoidStateType.Running},{CFrame.new(154.303391, -16.7397404, -234.73468, -0.975626111, 9.66958069e-10, 0.219439432, 9.3388608e-10, 1, -2.5444119e-10, -0.219439432, -4.33080516e-11, -0.975626111),Vector3.new(-13.146495819091797, -0.0013870224356651306, 9.119735717773438),Enum.HumanoidStateType.Running},{CFrame.new(154.085419, -16.7338676, -234.584137, -0.968833983, 9.66131619e-10, 0.247710854, 9.2530239e-10, 1, -2.81243945e-10, -0.247710854, -4.32712477e-11, -0.968833983),Vector3.new(-13.073143005371094, 0.25589585304260254, 9.027341842651367),Enum.HumanoidStateType.Running},{CFrame.new(153.868088, -16.7107468, -234.443115, -0.956265986, 9.65306279e-10, 0.292498469, 9.10443609e-10, 1, -3.23694127e-10, -0.292498469, -4.32343328e-11, -0.956265986),Vector3.new(-13.037854194641113, 1.7100377082824707, 8.424308776855469),Enum.HumanoidStateType.Running},{CFrame.new(153.648849, -16.6632938, -234.31514, -0.9356125, 9.64481051e-10, 0.353028715, 8.87130536e-10, 1, -3.80905807e-10, -0.353028715, -4.31976746e-11, -0.9356125),Vector3.new(-13.162160873413086, 3.1200332641601562, 7.629164695739746),Enum.HumanoidStateType.Running},{CFrame.new(153.422791, -16.599617, -234.202133, -0.913513362, 9.63656377e-10, 0.406808704, 8.62754701e-10, 1, -4.31452069e-10, -0.406808704, -4.31610997e-11, -0.913513362),Vector3.new(-13.59042739868164, 3.9702563285827637, 6.724597930908203),Enum.HumanoidStateType.Running},{CFrame.new(153.19101, -16.5260754, -234.102844, -0.888325691, 9.62832702e-10, 0.459213942, 8.35505776e-10, 1, -4.80454676e-10, -0.459213942, -4.31243131e-11, -0.888325691),Vector3.new(-13.927497863769531, 4.48838996887207, 5.907376766204834),Enum.HumanoidStateType.Running},{CFrame.new(152.954315, -16.4464188, -234.017365, -0.866009653, 9.62009694e-10, 0.500027299, 8.11564649e-10, 1, -5.18345589e-10, -0.500027299, -4.3087825e-11, -0.866009653),Vector3.new(-14.219627380371094, 4.812224388122559, 5.077581405639648),Enum.HumanoidStateType.Running},{CFrame.new(152.714401, -16.3628445, -233.942413, -0.844943702, 9.61187685e-10, 0.534855306, 7.89123378e-10, 1, -5.50472057e-10, -0.534855306, -4.30510766e-11, -0.844943702),Vector3.new(-14.406644821166992, 5.020545959472656, 4.458718299865723),Enum.HumanoidStateType.Running},{CFrame.new(152.472198, -16.2767487, -233.876068, -0.825772166, 9.60366231e-10, 0.564003825, 7.68783259e-10, 1, -5.77170478e-10, -0.564003825, -4.3014637e-11, -0.825772166),Vector3.new(-14.541259765625, 5.154839038848877, 3.9497437477111816),Enum.HumanoidStateType.Running},{CFrame.new(152.228287, -16.1890144, -233.816925, -0.809027612, 9.59545443e-10, 0.587770641, 7.51037343e-10, 1, -5.98763261e-10, -0.587770641, -4.29783258e-11, -0.809027612),Vector3.new(-14.641316413879395, 5.242403984069824, 3.5223946571350098),Enum.HumanoidStateType.Running},{CFrame.new(151.982864, -16.1001949, -233.764938, -0.809027791, 9.58725321e-10, 0.587770402, 7.50395357e-10, 1, -5.98251615e-10, -0.587770402, -4.2942018e-11, -0.809027791),Vector3.new(-14.730056762695312, 5.300952911376953, 3.093485116958618),Enum.HumanoidStateType.Running},{CFrame.new(151.738052, -16.0149803, -233.7099, -0.780819535, 9.58008561e-10, 0.624756634, 7.21223414e-10, 1, -6.32027208e-10, -0.624756634, -4.29100575e-11, -0.780819535),Vector3.new(-14.681751251220703, 5.031076431274414, 3.334235191345215),Enum.HumanoidStateType.Running},{CFrame.new(151.491806, -15.9292269, -233.662476, -0.769802868, 9.57189883e-10, 0.638281703, 7.09481918e-10, 1, -6.43961218e-10, -0.638281703, -4.28738642e-11, -0.769802868),Vector3.new(-14.788909912109375, 5.1395392417907715, 2.7723567485809326),Enum.HumanoidStateType.Running},{CFrame.new(151.24469, -15.8415556, -233.620102, -0.769802988, 9.56372204e-10, 0.638281524, 7.08875958e-10, 1, -6.43410991e-10, -0.638281524, -4.28372789e-11, -0.769802988),Vector3.new(-14.832923889160156, 5.245529651641846, 2.5072708129882812),Enum.HumanoidStateType.Running},{CFrame.new(150.936234, -15.7305861, -233.564499, -0.747069955, 1.19431576e-09, 0.66474539, 8.56676563e-10, 1, -8.33880687e-10, -0.66474539, -5.3495406e-11, -0.747069955),Vector3.new(-14.803266525268555, 5.265503406524658, 2.6895344257354736),Enum.HumanoidStateType.Running},{CFrame.new(150.750504, -15.6630802, -233.535309, -0.739288867, 7.15976833e-10, 0.673388422, 5.0771809e-10, 1, -5.05839537e-10, -0.673388422, -3.20700584e-11, -0.739288867),Vector3.new(-14.867663383483887, 5.402988910675049, 2.274454355239868),Enum.HumanoidStateType.Running},{CFrame.new(150.502319, -15.5724792, -233.500198, -0.739289045, 9.53922163e-10, 0.673388243, 6.76451506e-10, 1, -6.73948397e-10, -0.673388243, -4.27281821e-11, -0.739289045),Vector3.new(-14.894386291503906, 5.381973743438721, 2.081833600997925),Enum.HumanoidStateType.Running},{CFrame.new(150.254227, -15.4818344, -233.464447, -0.735361516, 9.53107371e-10, 0.677675068, 6.7194722e-10, 1, -6.77291057e-10, -0.677675068, -4.26919194e-11, -0.735361516),Vector3.new(-14.88461685180664, 5.390335559844971, 2.155043363571167),Enum.HumanoidStateType.Running},{CFrame.new(150.006119, -15.3910522, -233.42865, -0.735361814, 9.52293355e-10, 0.677674651, 6.71373512e-10, 1, -6.76712408e-10, -0.677674651, -4.26556568e-11, -0.735361814),Vector3.new(-14.885642051696777, 5.397687911987305, 2.1475303173065186),Enum.HumanoidStateType.Running},{CFrame.new(149.75824, -15.3001814, -233.391403, -0.735362172, 9.51479451e-10, 0.677674353, 6.70799971e-10, 1, -6.76133871e-10, -0.677674353, -4.26193594e-11, -0.735362172),Vector3.new(-14.871824264526367, 5.4017252922058105, 2.247220277786255),Enum.HumanoidStateType.Running},{CFrame.new(149.51059, -15.2092733, -233.352493, -0.735362351, 9.50666545e-10, 0.677674115, 6.70226818e-10, 1, -6.75556167e-10, -0.677674115, -4.25832113e-11, -0.735362351),Vector3.new(-14.8573579788208, 5.402981758117676, 2.3472824096679688),Enum.HumanoidStateType.Running},{CFrame.new(149.26329, -15.1183662, -233.311264, -0.735362709, 9.49854084e-10, 0.677673757, 6.69654054e-10, 1, -6.74978906e-10, -0.677673757, -4.25473268e-11, -0.735362709),Vector3.new(-14.835164070129395, 5.402267932891846, 2.493190288543701),Enum.HumanoidStateType.Running},{CFrame.new(149.016418, -15.0274916, -233.267288, -0.735362828, 9.49042733e-10, 0.677673578, 6.69082012e-10, 1, -6.74402312e-10, -0.677673578, -4.25112064e-11, -0.735362828),Vector3.new(-14.808330535888672, 5.399872779846191, 2.659264326095581),Enum.HumanoidStateType.Running},{CFrame.new(148.770248, -14.9366741, -233.219406, -0.735363066, 9.48231715e-10, 0.67767334, 6.68510414e-10, 1, -6.73825939e-10, -0.67767334, -4.24750062e-11, -0.735363066),Vector3.new(-14.765814781188965, 5.395579814910889, 2.9032719135284424),Enum.HumanoidStateType.Running},{CFrame.new(148.525238, -14.8459616, -233.165482, -0.735363185, 9.47421475e-10, 0.677673221, 6.67939037e-10, 1, -6.73250289e-10, -0.677673221, -4.24391008e-11, -0.735363185),Vector3.new(-14.691659927368164, 5.387923717498779, 3.2861011028289795),Enum.HumanoidStateType.Running},{CFrame.new(148.281418, -14.7554207, -233.105942, -0.735363364, 9.466119e-10, 0.677672982, 6.67368216e-10, 1, -6.72675138e-10, -0.677672982, -4.24032684e-11, -0.735363364),Vector3.new(-14.620466232299805, 5.376504421234131, 3.615962028503418),Enum.HumanoidStateType.Running},{CFrame.new(148.039078, -14.6602879, -233.040054, -0.735363543, 9.45701517e-10, 0.677672863, 6.6672623e-10, 1, -6.72028377e-10, -0.677672863, -4.23628875e-11, -0.735363543),Vector3.new(-14.534809112548828, 5.681232929229736, 3.976062297821045),Enum.HumanoidStateType.Running},{CFrame.new(147.798584, -14.5705223, -232.967178, -0.735363722, 9.44994527e-10, 0.677672625, 6.66227962e-10, 1, -6.71525835e-10, -0.677672625, -4.23312739e-11, -0.735363722),Vector3.new(-14.414453506469727, 5.2427897453308105, 4.431302070617676),Enum.HumanoidStateType.Running},{CFrame.new(147.558899, -14.4826345, -232.891342, -0.743196011, 9.44187062e-10, 0.669073761, 6.73417377e-10, 1, -6.63164523e-10, -0.669073761, -4.22953374e-11, -0.743196011),Vector3.new(-14.37590503692627, 5.22397518157959, 4.567591667175293),Enum.HumanoidStateType.Running},{CFrame.new(147.261765, -14.3729267, -232.788361, -0.74319613, 1.17909904e-09, 0.669073582, 8.40962355e-10, 1, -8.28158542e-10, -0.669073582, -5.28185343e-11, -0.74319613),Vector3.new(-14.24778938293457, 5.1863884925842285, 4.990963459014893),Enum.HumanoidStateType.Running},{CFrame.new(147.083817, -14.3066444, -232.725479, -0.743196368, 7.06854741e-10, 0.669073403, 5.04146225e-10, 1, -4.96470365e-10, -0.669073403, -3.16641123e-11, -0.743196368),Vector3.new(-14.232999801635742, 5.298008918762207, 5.037520408630371),Enum.HumanoidStateType.Running},{CFrame.new(146.846634, -14.2180643, -232.641495, -0.743196428, 9.41768441e-10, 0.669073284, 6.71692812e-10, 1, -6.61465327e-10, -0.669073284, -4.21869449e-
