local p=game.Players.LocalPlayer;local r=p.Character.HumanoidRootPart;local h=p.Character.Humanoid;local d={{CFrame.new(172.785706, -7.49485922, -227.786011, -0.999972284, 3.39896311e-09, 0.00744596682, 3.39441319e-09, 1, -6.23713858e-10, -0.00744596682, -5.98421923e-10, -0.999972284),Vector3.new(-1.936228954946273e-11, 0.000013011239389015827, 3.4097169532287808e-12),Enum.HumanoidStateType.Running},{CFrame.new(172.785706, -7.49485922, -227.786011, -0.999972284, 3.39605966e-09, 0.00744596682, 3.39151351e-09, 1, -6.23181118e-10, -0.00744596682, -5.97910721e-10, -0.999972284),Vector3.new(-1.9344525981068728e-11, 0.000013011239389015827, 3.4061642395499803e-12),Enum.HumanoidStateType.Running},{CFrame.new(172.785706, -7.49485922, -227.786011, -0.999972284, 3.39315775e-09, 0.00744667696, 3.38861517e-09, 1, -6.2265143e-10, -0.00744667696, -5.9740024e-10, -0.999972284),Vector3.new(-1.9330315126353526e-11, 0.000013011239389015827, 3.4026115258711798e-12),Enum.HumanoidStateType.Running},{CFrame.new(172.785706, -7.49485922, -227.786011, -0.999998689, 3.3902583e-09, 0.00163165259, 3.38927975e-09, 1, -6.02421169e-10, -0.00163165259, -5.96890259e-10, -0.999998689),Vector3.new(-1.9308998844280723e-11, 0.000013011239389015827, 3.4008351690317795e-12),Enum.HumanoidStateType.Running},{CFrame.new(172.785706, -7.49485922, -227.786011, -0.999998689, 3.38736195e-09, 0.00163165259, 3.38638428e-09, 1, -6.01906969e-10, -0.00163165259, -5.96380723e-10, -0.999998689),Vector3.new(-1.929123527588672e-11, 0.000013011239389015827, 3.396394276933279e-12),Enum.HumanoidStateType.Running},{CFrame.new(172.785706, -7.49485922, -227.786011, -0.999998689, 4.22976987e-09, 0.00163165259, 4.22854951e-09, 1, -7.51596785e-10, -0.00163165259, -7.44696305e-10, -0.999998689),Vector3.new(-2.787459152386873e-11, 0.000013011239389015827, 4.908073947262892e-12),Enum.HumanoidStateType.Running},{CFrame.new(172.785706, -7.49485922, -227.786011, -0.999998689, 3.38085226e-09, 0.00163165259, 3.37987638e-09, 1, -6.00751227e-10, -0.00163165259, -5.95235639e-10, -0.999998689),Vector3.new(-1.942623839568114e-11, 0.000013011239389015827, 3.4212632726848824e-12),Enum.HumanoidStateType.Running},{CFrame.new(172.785706, -7.49485922, -227.786011, -0.999998689, 2.53374299e-09, 0.00163165259, 2.5330118e-09, 1, -4.50226911e-10, -0.00163165259, -4.46093301e-10, -0.999998689),Vector3.new(-1.9252155425419915e-11, 0.000013011239389015827, 3.389288849575678e-12),Enum.HumanoidStateType.Running},{CFrame.new(172.785706, -7.49485922, -227.786011, -0.999998689, 4.21929736e-09, 0.00163165259, 4.21807966e-09, 1, -7.49737661e-10, -0.00163165259, -7.42854223e-10, -0.999998689),Vector3.new(-1.922018100231071e-11, 0.000013011239389015827, 3.3848479574771773e-12),Enum.HumanoidStateType.Running},{CFrame.new(172.785706, -7.49485922, -227.786011, -0.999998689, 3.37219364e-09, 0.00163165259, 3.37122041e-09, 1, -5.99214012e-10, -0.00163165259, -5.93712524e-10, -0.999998689),Vector3.new(-1.9205970147595508e-11, 0.000013011239389015827, 3.382183422218077e-12),Enum.HumanoidStateType.Running},{CFrame.new(172.785706, -7.49485922, -227.786011, -0.999998689, 3.36931261e-09, 0.00163165259, 3.36834005e-09, 1, -5.98702421e-10, -0.00163165259, -5.93205651e-10, -0.999998689),Vector3.new(-1.9191759292880306e-11, 0.000013011239389015827, 3.3786307085392764e-12),Enum.HumanoidStateType.Running},{CFrame.new(172.785706, -7.49485922, -227.786011, -0.999998689, 3.3664338e-09, 0.00163165259, 3.36546235e-09, 1, -5.9819133e-10, -0.00163165259, -5.92699279e-10, -0.999998689),Vector3.new(-1.9173995724486304e-11, 0.000013011239389015827, 3.376854351699876e-12),Enum.HumanoidStateType.Running},{CFrame.new(172.785706, -7.49485922, -227.786011, -0.999998689, 3.36355743e-09, 0.00163165259, 3.36258665e-09, 1, -5.97680683e-10, -0.00163165259, -5.92193294e-10, -0.999998689),Vector3.new(-1.91562321560923e-11, 0.000013011239389015827, 3.3733016380210756e-12),Enum.HumanoidStateType.Running},{CFrame.new(172.724487, -7.49485922, -227.721756, -0.999991238, 3.36068307e-09, -0.00418450125, 3.36312955e-09, 1, -5.77619563e-10, 0.00418450125, -5.91687532e-10, -0.999991238),Vector3.new(-4.859787464141846, 0.000013011239389015827, 5.101967811584473),Enum.HumanoidStateType.Running},{CFrame.new(172.585922, -7.49485922, -227.571198, -0.999991238, 3.35781158e-09, -0.00418315455, 3.36025519e-09, 1, -5.77130399e-10, 0.00418315455, -5.91181826e-10, -0.999991238),Vector3.new(-9.37130069732666, 0.000013011239389015827, 10.23593807220459),Enum.HumanoidStateType.Running},{CFrame.new(172.414337, -7.49485922, -227.373947, -0.999950051, 3.35494255e-09, -0.00999612547, 3.36067951e-09, 1, -5.57110635e-10, 0.00999612547, -5.90676563e-10, -0.999950051),Vector3.new(-10.43282413482666, 0.000013011239389015827, 12.075237274169922),Enum.HumanoidStateType.Running},{CFrame.new(172.246552, -7.49485922, -227.166824, -0.999875069, 3.35207551e-09, -0.0158079974, 3.36098593e-09, 1, -5.37108802e-10, 0.0158079974, -5.90172133e-10, -0.999875069),Vector3.new(-10.01214599609375, 0.000013011239389015827, 12.478921890258789),Enum.HumanoidStateType.Running},{CFrame.new(172.084412, -7.49485922, -226.955139, -0.999766231, 3.3492098e-09, -0.0216203127, 3.36117578e-09, 1, -5.17119458e-10, 0.0216203127, -5.89668259e-10, -0.999766231),Vector3.new(-9.687583923339844, 0.000013011239389015827, 12.733681678771973),Enum.HumanoidStateType.Running},{CFrame.new(171.925385, -7.49485922, -226.741104, -0.999623716, 3.34634565e-09, -0.0274299234, 3.36124728e-09, 1, -4.97153152e-10, 0.0274299234, -5.89164828e-10, -0.999623716),Vector3.new(-9.520181655883789, 0.000013011239389015827, 12.859440803527832),Enum.HumanoidStateType.Running},{CFrame.new(171.768921, -7.49485922, -226.525162, -0.999623775, 3.34348638e-09, -0.0274277758, 3.35837425e-09, 1, -4.9673593e-10, 0.0274277758, -5.88661786e-10, -0.999623775),Vector3.new(-9.368985176086426, 0.000013011239389015827, 12.97001838684082),Enum.HumanoidStateType.Running},{CFrame.new(171.614777, -7.49485922, -226.307556, -0.999623835, 3.34062777e-09, -0.0274264272, 3.35550232e-09, 1, -4.96316432e-10, 0.0274264272, -5.88159188e-10, -0.999623835),Vector3.new(-9.23099136352539, 0.000013011239389015827, 13.068597793579102),Enum.HumanoidStateType.Running},{CFrame.new(171.425293, -7.25432062, -226.03331, -0.999623835, 4.17141388e-09, -0.0274250563, 4.18998658e-09, 1, -6.19752361e-10, 0.0274250563, -7.3442985e-10, -0.999623835),Vector3.new(-9.08113956451416, 12.384529113769531, 13.173179626464844),Enum.HumanoidStateType.Running},{CFrame.new(171.275314, -6.98308992, -225.81282, -0.999623895, 3.33420824e-09, -0.0274237357, 3.34905281e-09, 1, -4.95371966e-10, 0.0274237357, -5.87029203e-10, -0.999623895),Vector3.new(-8.986797332763672, 15.614669799804688, 13.237719535827637),Enum.HumanoidStateType.Running},{CFrame.new(171.127075, -6.78228426, -225.591156, -0.999447525, 3.33135941e-09, -0.0332355201, 3.34901262e-09, 1, -4.75484374e-10, 0.0332355201, -5.86527826e-10, -0.999447525),Vector3.new(-8.880339622497559, 9.904929161071777, 13.309367179870605),Enum.HumanoidStateType.Running},{CFrame.new(170.981705, -6.66454506, -225.367599, -0.999447584, 3.32851191e-09, -0.0332349576, 3.34614958e-09, 1, -4.75080308e-10, 0.0332349576, -5.86027005e-10, -0.999447584),Vector3.new(-8.698975563049316, 5.615121364593506, 13.428585052490234),Enum.HumanoidStateType.Running},{CFrame.new(170.838242, -6.59910679, -225.142807, -0.999447584, 3.3256693e-09, -0.0332352407, 3.34329231e-09, 1, -4.74673523e-10, 0.0332352407, -5.85526405e-10, -0.999447584),Vector3.new(-8.593950271606445, 3.0925817489624023, 13.496062278747559),Enum.HumanoidStateType.Running},{CFrame.new(170.695999, -6.56326437, -224.917236, -0.999447525, 3.32282779e-09, -0.0332355238, 3.34043571e-09, 1, -4.7426757e-10, 0.0332355238, -5.85026694e-10, -0.999447525),Vector3.new(-8.525217056274414, 1.6895052194595337, 13.539588928222656),Enum.HumanoidStateType.Running},{CFrame.new(170.555344, -6.54371452, -224.690674, -0.999447525, 3.31998717e-09, -0.0332358032, 3.33758021e-09, 1, -4.73862061e-10, 0.0332358032, -5.84527426e-10, -0.999447525),Vector3.new(-8.425313949584961, 0.9208380579948425, 13.601975440979004),Enum.HumanoidStateType.Running},{CFrame.new(170.415894, -6.53306341, -224.463394, -0.999447525, 3.31714967e-09, -0.0332360826, 3.33472783e-09, 1, -4.73456552e-10, 0.0332360826, -5.8402827e-10, -0.999447525),Vector3.new(-8.358593940734863, 0.5015440583229065, 13.643084526062012),Enum.HumanoidStateType.Running},{CFrame.new(170.277527, -6.52726364, -224.235443, -0.999237299, 3.31431393e-09, -0.0390486419, 3.33457217e-09, 1, -4.53664689e-10, 0.0390486419, -5.83529225e-10, -0.999237299),Vector3.new(-8.293277740478516, 0.2731115221977234, 13.682888984680176),Enum.HumanoidStateType.Running},{CFrame.new(170.141373, -6.52410507, -224.006149, -0.999237299, 3.31148087e-09, -0.0390489213, 3.33172201e-09, 1, -4.53275889e-10, 0.0390489213, -5.83030346e-10, -0.999237299),Vector3.new(-8.150327682495117, 0.14872179925441742, 13.768501281738281),Enum.HumanoidStateType.Running},{CFrame.new(170.005569, -6.52238512, -223.776657, -0.999237299, 3.30865069e-09, -0.0390491933, 3.32887473e-09, 1, -4.52887505e-10, 0.0390491933, -5.82531967e-10, -0.999237299),Vector3.new(-8.147500991821289, 0.08097890764474869, 13.770194053649902),Enum.HumanoidStateType.Running},{CFrame.new(169.86908, -6.52144909, -223.547577, -0.998993337, 3.30582473e-09, -0.0448593907, 3.3286065e-09, 1, -4.33151237e-10, 0.0448593907, -5.82034421e-10, -0.998993337),Vector3.new(-8.196110725402832, 0.044090669602155685, 13.741312026977539),Enum.HumanoidStateType.Running},{CFrame.new(169.73291, -6.52093935, -223.318314, -0.998993278, 3.30299876e-09, -0.0448596589, 3.325761e-09, 1, -4.32780672e-10, 0.0448596589, -5.81537485e-10, -0.998993278),Vector3.new(-8.167081832885742, 0.02401728928089142, 13.758588790893555),Enum.HumanoidStateType.Running},{CFrame.new(169.595413, -6.52066183, -223.089844, -0.998993278, 3.30017658e-09, -0.0448599383, 3.32291972e-09, 1, -4.32409997e-10, 0.0448599383, -5.8104066e-10, -0.998993278),Vector3.new(-8.262523651123047, 0.013082711957395077, 13.701476097106934),Enum.HumanoidStateType.Running},{CFrame.new(169.455627, -6.52051067, -222.862762, -0.998993278, 3.29735594e-09, -0.0448602103, 3.32007977e-09, 1, -4.32039654e-10, 0.0448602103, -5.80544168e-10, -0.998993278),Vector3.new(-8.405977249145508, 0.0071312193758785725, 13.613924026489258),Enum.HumanoidStateType.Running},{CFrame.new(169.313477, -6.52042818, -222.637161, -0.998993278, 3.29453731e-09, -0.0448604897, 3.31724181e-09, 1, -4.31669728e-10, 0.0448604897, -5.80048232e-10, -0.998993278),Vector3.new(-8.547465324401855, 0.003884407691657543, 13.525543212890625),Enum.HumanoidStateType.Running},{CFrame.new(169.132751, -6.24612617, -222.357071, -0.998993278, 4.11386036e-09, -0.0448607691, 4.14221146e-09, 1, -5.39021938e-10, 0.0448607691, -7.24302063e-10, -0.998993278),Vector3.new(-8.687780380249023, 14.12219524383545, 13.435855865478516),Enum.HumanoidStateType.Running},{CFrame.new(168.984741, -5.97076178, -222.135254, -0.998993218, 3.28820704e-09, -0.0448611341, 3.31086825e-09, 1, -4.30838976e-10, 0.0448611341, -5.78934511e-10, -0.998993218),Vector3.new(-8.908802032470703, 15.45483112335205, 13.290290832519531),Enum.HumanoidStateType.Running},{CFrame.new(168.832184, -5.77432871, -221.916534, -0.998993218, 3.28539906e-09, -0.0448614284, 3.30804117e-09, 1, -4.30470021e-10, 0.0448614284, -5.78440074e-10, -0.998993218),Vector3.new(-9.189496994018555, 9.643046379089355, 13.097737312316895),Enum.HumanoidStateType.Running},{CFrame.new(168.676086, -5.66001654, -221.700333, -0.998993218, 3.28259286e-09, -0.0448617339, 3.30521543e-09, 1, -4.30101316e-10, 0.0448617339, -5.77946024e-10, -0.998993218),Vector3.new(-9.391460418701172, 5.444883823394775, 12.953733444213867),Enum.HumanoidStateType.Running},{CFrame.new(168.516159, -5.59660959, -221.486954, -0.998993218, 3.27978955e-09, -0.0448620468, 3.30239303e-09, 1, -4.29733082e-10, 0.0448620468, -5.7745253e-10, -0.998993218),Vector3.new(-9.626087188720703, 2.9955129623413086, 12.78032398223877),Enum.HumanoidStateType.Running},{CFrame.new(168.352966, -5.56190014, -221.276062, -0.998993158, 3.27698935e-09, -0.0448623598, 3.29957373e-09, 1, -4.2936496e-10, 0.0448623598, -5.76959369e-10, -0.998993158),Vector3.new(-9.816248893737793, 1.6359630823135376, 12.634875297546387),Enum.HumanoidStateType.Running},{CFrame.new(168.228348, -5.5466857, -221.119629, -0.998993158, 2.45590348e-09, -0.0448626801, 2.47282927e-09, 1, -3.21782045e-10, 0.0448626801, -4.32395814e-10, -0.998993158),Vector3.new(-9.994531631469727, 1.0377700328826904, 12.494253158569336),Enum.HumanoidStateType.Running},{CFrame.new(168.017242, -5.53265905, -220.861664, -0.998993158, 4.08967349e-09, -0.044862926, 4.11785939e-09, 1, -5.35844424e-10, 0.044862926, -7.20044135e-10, -0.998993158),Vector3.new(-10.150215148925781, 0.4855990707874298, 12.368217468261719),Enum.HumanoidStateType.Running},{CFrame.new(167.846527, -5.52704334, -220.656815, -0.998993158, 3.26859362e-09, -0.0448633395, 3.29112071e-09, 1, -4.28262564e-10, 0.0448633395, -5.75481995e-10, -0.998993158),Vector3.new(-10.256507873535156, 0.264443814
