local p=game.Players.LocalPlayer;local r=p.Character.HumanoidRootPart;local h=p.Character.Humanoid;local d={{CFrame.new(166.875854, -16.6931915, -217.305984, -0.740018725, 1.36177896e-08, 0.672586322, 2.1614083e-08, 1, 3.5341714e-09, -0.672586322, 1.71526882e-08, -0.740018725),Vector3.new(-1.1286260814813431e-10, 0.00005202803004067391, -1.4208012544258963e-10),Enum.HumanoidStateType.Running},{CFrame.new(166.875854, -16.6931915, -217.305984, -0.740018725, 1.36061562e-08, 0.672586322, 2.15956231e-08, 1, 3.53115825e-09, -0.672586322, 1.71380439e-08, -0.740018725),Vector3.new(-1.127631321651279e-10, 0.00005202803004067391, -1.4196643860486802e-10),Enum.HumanoidStateType.Running},{CFrame.new(166.875854, -16.6931915, -217.305984, -0.740018725, 1.35945317e-08, 0.672586322, 2.15771792e-08, 1, 3.528148e-09, -0.672586322, 1.71234102e-08, -0.740018725),Vector3.new(-1.1267786703683669e-10, 0.00005202803004067391, -1.418527517671464e-10),Enum.HumanoidStateType.Running},{CFrame.new(166.875854, -16.6931915, -217.305984, -0.740018725, 1.35829188e-08, 0.672586322, 2.15587512e-08, 1, 3.52513929e-09, -0.672586322, 1.71087891e-08, -0.740018725),Vector3.new(-1.1257839105383027e-10, 0.00005202803004067391, -1.417674866388552e-10),Enum.HumanoidStateType.Running},{CFrame.new(166.875854, -16.6931915, -217.305984, -0.740018725, 1.35713147e-08, 0.672586322, 2.15403375e-08, 1, 3.52213325e-09, -0.672586322, 1.70941803e-08, -0.740018725),Vector3.new(-1.1249312592553906e-10, 0.00005202803004067391, -1.4159695638227277e-10),Enum.HumanoidStateType.Running},{CFrame.new(166.875854, -16.6931915, -217.305984, -0.740018725, 1.35597205e-08, 0.672586322, 2.15219416e-08, 1, 3.51912988e-09, -0.672586322, 1.7079584e-08, -0.740018725),Vector3.new(-1.1237943908781745e-10, 0.00005202803004067391, -1.4148326954455115e-10),Enum.HumanoidStateType.Running},{CFrame.new(166.875854, -16.6931915, -217.305984, -0.740018725, 1.35481359e-08, 0.672586322, 2.15035598e-08, 1, 3.51612917e-09, -0.672586322, 1.70650001e-08, -0.740018725),Vector3.new(-1.1229417395952623e-10, 0.00005202803004067391, -1.4139800441625994e-10),Enum.HumanoidStateType.Running},{CFrame.new(166.875854, -16.6931915, -217.305984, -0.740018725, 1.35365612e-08, 0.672586322, 2.14851941e-08, 1, 3.51313179e-09, -0.672586322, 1.70504304e-08, -0.740018725),Vector3.new(-1.1219469797651982e-10, 0.00005202803004067391, -1.4122747415967751e-10),Enum.HumanoidStateType.Running},{CFrame.new(166.875854, -16.6931915, -217.305984, -0.740018725, 1.35249971e-08, 0.672586322, 2.14668443e-08, 1, 3.51013596e-09, -0.672586322, 1.70358714e-08, -0.740018725),Vector3.new(-1.1210943284822861e-10, 0.00005202803004067391, -1.411422090313863e-10),Enum.HumanoidStateType.Running},{CFrame.new(166.875854, -16.6931915, -217.305984, -0.740018725, 1.35134428e-08, 0.672586322, 2.14485105e-08, 1, 3.50714346e-09, -0.672586322, 1.70213266e-08, -0.740018725),Vector3.new(-1.1199574601050699e-10, 0.00005202803004067391, -1.4102852219366468e-10),Enum.HumanoidStateType.Running},{CFrame.new(166.875854, -16.6931915, -217.305984, -0.740018725, 1.35018983e-08, 0.672586322, 2.14301927e-08, 1, 3.50415275e-09, -0.672586322, 1.70067924e-08, -0.740018725),Vector3.new(-1.1191048088221578e-10, 0.00005202803004067391, -1.4088641364651266e-10),Enum.HumanoidStateType.Running},{CFrame.new(166.875854, -16.6931915, -217.305984, -0.740018725, 1.34903635e-08, 0.672586322, 2.14118892e-08, 1, 3.50116491e-09, -0.672586322, 1.69922707e-08, -0.740018725),Vector3.new(-1.1181100489920937e-10, 0.00005202803004067391, -1.4077272680879105e-10),Enum.HumanoidStateType.Running},{CFrame.new(166.875854, -16.6931915, -217.305984, -0.740018725, 1.34788385e-08, 0.672586322, 2.13936016e-08, 1, 3.49817886e-09, -0.672586322, 1.69777614e-08, -0.740018725),Vector3.new(-1.1172573977091815e-10, 0.00005202803004067391, -1.4065903997106943e-10),Enum.HumanoidStateType.Running},{CFrame.new(166.875854, -16.6931915, -217.305984, -0.740018725, 1.34673233e-08, 0.672586322, 2.13753317e-08, 1, 3.49519658e-09, -0.672586322, 1.69632646e-08, -0.740018725),Vector3.new(-1.1162626378791174e-10, 0.00005202803004067391, -1.4054535313334782e-10),Enum.HumanoidStateType.Running},{CFrame.new(166.875854, -16.6931915, -217.305984, -0.740018725, 1.34558187e-08, 0.672586322, 2.13570761e-08, 1, 3.49221629e-09, -0.672586322, 1.69487819e-08, -0.740018725),Vector3.new(-1.1151257695019012e-10, 0.00005202803004067391, -1.404032445861958e-10),Enum.HumanoidStateType.Running},{CFrame.new(166.777008, -16.6931915, -217.337143, -0.740018725, 1.34443239e-08, 0.672586322, 2.13388365e-08, 1, 3.48923868e-09, -0.672586322, 1.693431e-08, -0.740018725),Vector3.new(-6.949591159820557, 0.00005202803004067391, -2.190342426300049),Enum.HumanoidStateType.Running},{CFrame.new(166.590439, -16.6931915, -217.386276, -0.740018725, 1.34328344e-08, 0.672586262, 2.13206039e-08, 1, 3.48626195e-09, -0.672586262, 1.69198451e-08, -0.740018725),Vector3.new(-11.545221328735352, 0.00005202803004067391, -3.010045289993286),Enum.HumanoidStateType.Running},{CFrame.new(166.33252, -16.6931915, -217.422974, -0.740018904, 1.34213636e-08, 0.672586083, 2.13023981e-08, 1, 3.48329143e-09, -0.672586083, 1.6905398e-08, -0.740018904),Vector3.new(-15.763985633850098, 0.00005202803004067391, -2.143195629119873),Enum.HumanoidStateType.Running},{CFrame.new(166.066223, -16.6931915, -217.430969, -0.740019143, 1.34098954e-08, 0.672585845, 2.12841957e-08, 1, 3.48032492e-09, -0.672585845, 1.68909562e-08, -0.740019143),Vector3.new(-15.991900444030762, 0.00005202803004067391, -0.37053704261779785),Enum.HumanoidStateType.Running},{CFrame.new(165.800537, -16.6931915, -217.409653, -0.740019321, 1.33984388e-08, 0.672585666, 2.1266013e-08, 1, 3.47735862e-09, -0.672585666, 1.68765268e-08, -0.740019321),Vector3.new(-15.93767261505127, 0.00005202803004067391, 1.3876972198486328),Enum.HumanoidStateType.Running},{CFrame.new(165.537628, -16.6931915, -217.365524, -0.740019441, 1.33869928e-08, 0.672585428, 2.12478461e-08, 1, 3.47439544e-09, -0.672585428, 1.68621135e-08, -0.740019441),Vector3.new(-15.764060974121094, 0.00005202803004067391, 2.730577230453491),Enum.HumanoidStateType.Running},{CFrame.new(165.278793, -16.6931915, -217.30159, -0.740019619, 1.33755478e-08, 0.672585309, 2.12296865e-08, 1, 3.47143447e-09, -0.672585309, 1.68477037e-08, -0.740019619),Vector3.new(-15.51425552368164, 0.00005202803004067391, 3.9086875915527344),Enum.HumanoidStateType.Running},{CFrame.new(165.023651, -16.6931915, -217.224121, -0.740019739, 1.33641125e-08, 0.67258513, 2.12115356e-08, 1, 3.4684724e-09, -0.67258513, 1.68333028e-08, -0.740019739),Vector3.new(-15.294772148132324, 0.00005202803004067391, 4.696366310119629),Enum.HumanoidStateType.Running},{CFrame.new(164.771713, -16.6931915, -217.136795, -0.740019858, 1.33526887e-08, 0.672585011, 2.11934026e-08, 1, 3.46551099e-09, -0.672585011, 1.68189125e-08, -0.740019858),Vector3.new(-15.104783058166504, 0.000010046174793387763, 5.276149749755859),Enum.HumanoidStateType.Running},{CFrame.new(164.522614, -16.6931915, -217.041656, -0.740019917, 1.33412783e-08, 0.672584951, 2.11752926e-08, 1, 3.46255247e-09, -0.672584951, 1.68045418e-08, -0.740019917),Vector3.new(-14.935805320739746, 0.000009238831808033865, 5.737308979034424),Enum.HumanoidStateType.Running},{CFrame.new(164.275513, -16.6931915, -216.941376, -0.740020096, 1.33298759e-08, 0.672584772, 2.11571969e-08, 1, 3.45960105e-09, -0.672584772, 1.67901835e-08, -0.740020096),Vector3.new(-14.818281173706055, 1.9658625660667894e-07, 6.034593105316162),Enum.HumanoidStateType.Running},{CFrame.new(164.030136, -16.6931915, -216.836975, -0.740020156, 1.33184814e-08, 0.672584653, 2.11391136e-08, 1, 3.45664897e-09, -0.672584653, 1.67758341e-08, -0.740020156),Vector3.new(-14.716333389282227, 3.51175941659676e-08, 6.279177665710449),Enum.HumanoidStateType.Running},{CFrame.new(163.786621, -16.6931915, -216.728317, -0.740020275, 1.33071065e-08, 0.672584593, 2.11210587e-08, 1, 3.45369955e-09, -0.672584593, 1.6761506e-08, -0.740020275),Vector3.new(-14.604300498962402, 3.51175941659676e-08, 6.535506248474121),Enum.HumanoidStateType.Running},{CFrame.new(163.547394, -16.7342796, -216.610519, -0.740020394, 1.32957307e-08, 0.672584414, 2.11030073e-08, 1, 3.45075635e-09, -0.672584414, 1.67471832e-08, -0.740020394),Vector3.new(-14.337057113647461, -3.282744884490967, 7.102170467376709),Enum.HumanoidStateType.Running},{CFrame.new(163.311737, -16.7386665, -216.485748, -0.740020454, 1.32843621e-08, 0.672584355, 2.10849667e-08, 1, 3.44781292e-09, -0.672584355, 1.67328711e-08, -0.740020454),Vector3.new(-14.12711238861084, -0.06488540768623352, 7.51133918762207),Enum.HumanoidStateType.Running},{CFrame.new(163.078949, -16.7387543, -216.355698, -0.740020573, 1.32730085e-08, 0.672584236, 2.10669473e-08, 1, 3.44487106e-09, -0.672584236, 1.67185732e-08, -0.740020573),Vector3.new(-13.957040786743164, -0.0012832237407565117, 7.822936534881592),Enum.HumanoidStateType.Running},{CFrame.new(162.847931, -16.7387562, -216.222504, -0.740020633, 1.3261662e-08, 0.672584176, 2.10489421e-08, 1, 3.44193252e-09, -0.672584176, 1.6704286e-08, -0.740020633),Vector3.new(-13.854756355285645, -0.000025382847525179386, 8.002801895141602),Enum.HumanoidStateType.Running},{CFrame.new(162.617859, -16.7387562, -216.087677, -0.740020692, 1.32503288e-08, 0.672584116, 2.10309548e-08, 1, 3.43899398e-09, -0.672584116, 1.66900129e-08, -0.740020692),Vector3.new(-13.80104923248291, -5.16673935635481e-07, 8.095108985900879),Enum.HumanoidStateType.Running},{CFrame.new(162.388245, -16.7387562, -215.952072, -0.740020752, 1.32390019e-08, 0.672584057, 2.1012978e-08, 1, 3.43605921e-09, -0.672584057, 1.66757488e-08, -0.740020752),Vector3.new(-13.774725914001465, -1.9373661075405835e-07, 8.139833450317383),Enum.HumanoidStateType.Running},{CFrame.new(162.158936, -16.7387562, -215.815964, -0.740020812, 1.32276901e-08, 0.672583938, 2.09950279e-08, 1, 3.43312978e-09, -0.672583938, 1.6661506e-08, -0.740020812),Vector3.new(-13.757574081420898, -1.9373661075405835e-07, 8.168790817260742),Enum.HumanoidStateType.Running},{CFrame.new(161.928391, -16.7387562, -215.681946, -0.740020931, 1.32163871e-08, 0.672583878, 2.09770903e-08, 1, 3.43020079e-09, -0.672583878, 1.6647272e-08, -0.740020931),Vector3.new(-13.837339401245117, -1.9373661075405835e-07, 8.032904624938965),Enum.HumanoidStateType.Running},{CFrame.new(161.697739, -15.8758612, -215.548035, -0.74002099, 1.32065043e-08, 0.672583818, 2.09614015e-08, 1, 3.4276364e-09, -0.672583818, 1.66348215e-08, -0.74002099),Vector3.new(-13.837339401245117, 50.54749298095703, 8.032904624938965),Enum.HumanoidStateType.Jumping},{CFrame.new(161.463409, -15.0674648, -215.420776, -0.74002105, 1.31952147e-08, 0.672583699, 2.09434852e-08, 1, 3.42471007e-09, -0.672583699, 1.66206036e-08, -0.74002105),Vector3.new(-14.092418670654297, 47.277488708496094, 7.576157093048096),Enum.HumanoidStateType.Freefall},{CFrame.new(161.227219, -14.3135691, -215.297028, -0.74002111, 1.31839384e-08, 0.67258364, 2.09255795e-08, 1, 3.42177953e-09, -0.67258364, 1.66063927e-08, -0.74002111),Vector3.new(-14.1844482421875, 44.007484436035156, 7.402740955352783),Enum.HumanoidStateType.Freefall},{CFrame.new(160.989441, -13.6141739, -215.1763, -0.740021169, 1.31726701e-08, 0.67258352, 2.09076951e-08, 1, 3.41885742e-09, -0.67258352, 1.65921978e-08, -0.740021169),Vector3.new(-14.278619766235352, 40.73748016357422, 7.219429016113281),Enum.HumanoidStateType.Freefall},{CFrame.new(160.750259, -12.9692783, -215.058365, -0.740021288, 1.31614053e-08, 0.672583461, 2.08898161e-08, 1, 3.41593753e-09, -0.672583461, 1.65780119e-08, -0.740021288),Vector3.new(-14.3609619140625, 37.46747589111328, 7.054220199584961),Enum.HumanoidStateType.Freefall},{CFrame.new(160.509338, -12.3788834, -214.944061, -0.740021348, 1.31501583e-08, 0.672583342, 2.08719673e-08, 1, 3.41302386e-09, -0.672583342, 1.6563849e-08, -0.740021348),Vector3.new(-14.46960735321045, 34.197471618652344, 6.828558444976807),Enum.HumanoidStateType.Freefall},{CFrame.new(160.266968, -11.842988, -214.832886, -0.740021467, 1.31389113e-08, 0.672583222, 2.08541184e-08, 1, 3.41011286e-09, -0.672583222, 1.65496878e-08, -0.740021467),Vector3.new(-14.553893089294434, 30.927471160888672, 6.647058486938477),Enum.HumanoidStateType.Freefall},{CFrame.new(160.022934, -11.3615932, -214.725342, -0.740021527, 1.31276732e-08, 0.672583163, 2.0836282e-08, 1, 3.40719941e-09, -0.672583163, 1.65355338e-08, -0.740021527),Vector3.new(-14.65395736694336, 27.657474517822266, 6.423415184020996),Enum.HumanoidStateType.Freefall},{CFrame.new(159.716522, -10.8364887, -214.59407, -0.740021646, 1.63938143e-08, 0.672583044, 2.60203041e-08, 1, 4.25490221e-09, -0.672583044, 2.06495354e-08, -0.740021646),Vector3.new(-14.71347713470459, 23.569978713989258, 6.2859721183776855),Enum.HumanoidStateType.Freefall},{CFrame.new(159.531845, -10.5623016, -214.517303, -0.740021765, 9.82787629e-09, 0.672582865, 1.55988307e-08, 1, 2.55076027e-09, -0.672582865, 1.23791244e-08, -0.740021765),Vector3.new(-14.78459644317627, 21.117481231689453, 6.116683483123779),Enum.HumanoidStateType.Freefall},{CFrame.new(159.284607, -10.2444057, -214.417374, -0.740021825, 1.30940228e-08, 0.672582805, 2.07828634e-08, 1, 3.39846729e-09, -0.672582805, 1.64931375e-08, -0.740021825),Vector3.new(
